490664090 841327865 158559818
3248785910 3009217852 86780947
3361383178 811709798 29618067
1492567300 999887683 10142868
708758546 1053715632 8318621
2922655819 2337575757 139997093
412870134 1010030551 43685081
825309561 1895146974 205741813
3832608203 4026085284 5525526
2833741007 722794986 88914812
1502710168 0 86876502
1091543314 2480502815 191523114
2191676162 1359275248 59328417
3724763033 3918240114 107845170
4132175069 4031610810 162792227
1589586670 3262683858 70888723
3932786977 4194403037 100564259
649223908 2280749089 56826668
717077167 268230878 108232394
4033351236 3819416281 98823833
2417689638 1418603665 416051369
3062652912 3333572581 186132998
1438604483 2100888787 28445966
398871700 1190738587 13998434
456555215 2975108977 34108875
2062848712 2151921639 128827450
1283066428 112692823 155538055
0 475753543 244333473
3838133729 3724763033 94653248
244333473 1204737021 154538227
1963558441 376463272 99290271
3335566857 86876502 25816321
3497674085 1062034253 22031494
706050576 720087016 2707970
1467050449 2129334753 22586886
1660475393 2672025929 303083048
3391001245 1084065747 106672840
1031051374 1834655034 60491940
1489637335 2477572850 2929965
2251004579 3095998799 166685059