2420477851 2725678119 154870744
341010579 1968896618 161603351
2771047693 3040747240 63786420
1473264654 231223255 158065928
300743457 665216997 40267122
4266394999 3974648226 28572297
44642725 3145344681 187170981
3913829571 3489505645 352565428
2132898063 571123277 94093720
2945529238 1729589230 52970089
3205711977 3366573953 87052626
3077771609 1429791513 87129347
3840363983 3901182638 31190715
3674520209 3842071073 59111565
3733631774 4003220523 106732209
0 2326199067 44642725
1631330582 389289183 181834094
2226991783 2370841792 193486068
2911470947 3332515662 34058291
1999501975 1516920860 133396088
1813164676 1782559319 186337299
502613930 2880548863 91268626
1242041399 0 231223255
3586449755 4206896842 88070454
2834834113 1353642962 76148551
3164900956 3104533660 40811021
3489505645 4109952732 96944110
2910982664 2564327860 488283
3292764603 2564816143 160861976
231813706 2971817489 68929751
2575348595 2130499969 195699098
593882556 705484119 648158843
3871554698 3932373353 42274873
2998499327 1650316948 79272282