1588027222 1909294051 23480302
2215874455 2960213648 162391531
2129487527 3462600798 86386928
3484568571 1932774353 37497788
1911434001 1113198957 54894781
880849827 535842660 44062779
1450966888 2803663201 137060334
0 175732913 3492989
820881151 879323733 45588873
2593908227 3122605179 276522050
4086321665 3399127229 59629850
1267064668 2940723535 19490113
872717966 579905439 8131861
17372207 0 175732913
325280839 781495589 97828144
485661210 200622719 335219941
866470024 712695420 6247942
1113198957 1970272141 153865711
3384296082 2124137852 23097298
3492989 186743501 13879218
1966328782 1746135306 163158745
3522066359 3730711990 564255306
1611507524 2661100955 108644269
193105120 588037300 124658120
423108983 718943362 62552227
2870430277 2147235150 513865805
2559990250 2769745224 33917977
4145951515 1168093738 149015781
1720151793 1558696817 187438489
3407393380 1317109519 77175191
1286554781 1394284710 164412107
317763240 179225902 7517599
2378265986 3548987726 181724264
1907590282 3458757079 3843719