2233530624 2071120505 422489795
3959649465 4044567411 67616189
457224864 3135270167 41569374
3394360972 4112183600 182783696
813178253 653702020 183734547
498794238 2963315974 171954193
3577144668 3394360972 216442995
996912800 2493610300 327275852
3309722439 3282071367 51304963
670748431 2820886152 142429822
1324188652 3273822993 8248374
3793587663 4006086952 11248169
2190085090 3176839541 43445534
2656020419 0 653702020
4267735006 4017335121 27232290
1396875915 3333376330 27651072
4027265654 3610803967 240469352
1424526987 1241123513 765558103
403686946 3220285075 53537918
3804835832 3851273319 154813633
1332437026 2006681616 64438889
0 837436567 403686946