155461856 2688731658 31130392
3624223750 2439220990 158522039
3782745789 828496007 83184667
1329508120 2383184162 2195641
1221066973 4005538912 108441147
3908459768 630332333 84015758
3174818941 2385379803 53841187
1929319035 442552891 126280229
2999332985 2077874265 61338040
4047976345 4113980059 50652162
3509978464 2319317936 63866226
2676242573 568833120 11879128
4146174193 3589840038 35847908
3865930456 2986517951 42529312
1737209176 3963710397 41828515
2545388005 3458985470 130854568
388171875 2946497456 40020495
3396281190 4164632221 79956015
186592248 1068698177 201579627
3060671025 714348091 114147916
2841183920 2139212305 158149065
2055599264 3290256747 27665085
2770917385 3029047263 24920289
4203978667 2597743029 90988629
2795837674 911680674 45346246
2083264349 2813972956 124101205
3573844690 4244588236 50379060
3228660128 274931829 167621062
1331703761 1270277804 23145153
123824510 3053967552 31637346
1354848914 63482157 211449672
1566298586 3085604898 170910590
63482157 3398643117 60342353
3476237205 3256515488 33741259
1212643678 2938074161 8423295
4182022101 2297361370 21956566
3992475526 2758472137 55500819
428192370 1293422957 784451308
1817647778 957026920 111671257
2690196100 3317921832 80721285
1779037691 2719862050 38610087
4098628507 582786647 47545686
2207365554 3625687946 338022451
2688121701 580712248 2074399