2368894659 1388350150 55368176
3669222180 3739392779 16773160
4199646729 3863166637 79873794
399562411 1508754364 89530529
355021451 346145384 44540960
3348191019 2804337123 32367820
4153047357 3630809755 46599372
801745354 3027789847 194064703
295043332 1932435496 59978119
2173824398 0 195070261
3586766138 3780710595 82456042
2063962300 390686344 109862098
2424813637 2262322190 16002572
694625758 2155376830 106945360
4279520523 3615362982 15446773
489092940 1655816946 66193390
0 3221854550 178998524
1882939638 1912164198 20271298
178998524 1187862900 104517087
288525818 1292379987 6517514
995810057 1598284893 57532053
3220600544 1992413615 127590475
1857243139 195070261 25696499
2424262835 1443718326 550802
3143673104 1375907946 12442204
3776575836 3943040431 220205828
1053342110 693558780 494304120
2630970071 2286623883 512703033
638901084 2284929071 1694812
801571118 2836704943 174236
640595896 2836879179 54029862
4128502701 3756165939 24544656
1684527036 520842677 172716103
1547646230 2890909041 136880806
3524782486 3677409127 61983652
3685995340 3524782486 90580496
3380558839 500548442 20294235
2440816209 1722010336 190153862
283515611 2799326916 5010207
1903210936 2120004090 35372740
561890639 1298897501 77010445
555286330 2278324762 6604309
1938583676 220766760 125378624
3996781664 4163246259 131721037
3156115308 1444269128 64485236