2001282667 520918173 10302354
2377955968 3484205484 30954740
3394017453 2582587136 46684978
99573517 443623963 59355616
2759073879 2842283022 106219470
3153456782 2203695607 115107673
1088011149 228872916 37401521
823056142 1852553918 234443509
1892663777 1743935028 108618890
2223186841 3648924866 154769127
3440702431 3849149039 360654480
1125412670 266274437 146838028
2524006636 2432683670 149903466
86866324 508210980 12707193
3289576295 3621907778 27017088
659725308 531220527 163330834
336816212 1738401718 5533310
1057499651 413112465 30511498
1495475061 998625681 113056371
1277482099 1111682052 217992962
4022707650 2629272114 213010908
1611665062 1454269373 134219470
1272250698 502979579 5231401
3801356911 2996165168 221350739
2463542360 3803693993 45455046
3367828633 3458016664 26188820
3105794106 2948502492 47662676
0 1329675014 86866324
342349522 694551361 126187241
158929133 820738602 177887079
1608531432 1735268088 3133630
2673910102 4209803519 85163777
3316593383 2152460357 51235250
3268564455 2116439287 21011840
2508997406 2137451127 15009230
2011585021 153460510 75412406
1745884532 1588488843 146779245
621997273 1416541338 37728035
2865293349 3217515907 240500757
2408910708 2318803280 54631652
468536763 0 153460510
4235718558 2373434932 59248738
2116439287 3515160224 106747554